0237182786692034
0008267686081325
0043786347420398
0862019931034782
0055342051022761
0753940355442636
0058554785687816
0698994806764915
9044294207443340
0377556843492192
6916077947435473
9230953441118463
0438404880396468
0152116276825625
7393290292895817
5289798348885120
0739687316045155
7779397852732233
0465659007612017
0053936918780627
0252780071803199
0670358756609836
0482151523663742
1354779496647867
4584909311321325
0075360393821244
0454295264307553
3215788031839843
0343039414932686
6319515360485205
6439514940026790
7963518636998974
0195734487732523
0949644515285417
0955016968327796
0391958400383188
6320637957780728
0560530266351572
8392836788449086
1453750556966141
0535217566966024
4697927313430237
0126331928502099
0558207771237063
0668238456131040
0960062086488993
0360822351772217
4184484778622585
0382253177462169
0048936860357480
3287684599799144
0995677477536198
0787893805370521
0024426257028729
0671635564692493
1111051202911530
0139256838601955
0125892238764467
0091643483870201
3908455052861658
3611701020169031
0582576700563215
7393925525425938
2508336705363514
0685868085645262
0670156644625766
0034396601443987
0500259534342435
0612175233416192
6111368385719301
8816596367856543
4053614384474496
6128840795416976
0502353819784143
0333184735453719
0404396918446704
0440513068658939
8441378529112575
0737300140032982
3702579666829252
0095917166913153
0196830759977296
4561814656781991
0137848869474448
9081860661980649
8494274678451250
6575534524006665
0418034430703435
0280142108872532
1487272166871256
2045165154480937
3290394033514589
5965199801637713
0081557535073424
0296050975906785
3184746132900747
0957154996471594
2278730744967137
5948643226378215
0608296850589330